55	13	3
0.110535	-0.076630	0.038978	0.059265	-0.099609	0.038978	-0.022369	-0.099609	0.038978	0.044434	-0.154846	0.038978	0.500000
1	-1	-1
0.148529	-0.131744	0.091518	0.031494	-0.050751	0.091518	-0.006714	-0.050751	0.091518	0.055664	-0.198242	0.091518	0.478805
1	-1	-1
0.347870	-0.231873	0.135660	0.013214	-0.054321	0.135660	-0.010162	-0.054321	0.135660	0.063904	-0.113922	0.135660	0.474031
1	-1	-1
0.197662	-0.235290	0.124826	0.019867	-0.033508	0.124826	0.002045	-0.033508	0.124826	0.095123	-0.191101	0.124826	0.448909
1	-1	-1
0.198303	-0.216858	0.126290	0.014435	-0.179443	0.126290	0.010437	-0.179443	0.126290	0.035095	-0.133728	0.126290	0.448057
1	-1	-1
0.236450	-0.256256	0.135343	0.020782	-0.133850	0.135343	0.007538	-0.133850	0.135343	0.064484	-0.170960	0.135343	0.453829
1	-1	-1
0.305481	-0.286774	0.156369	0.002869	-0.059601	0.156369	0.032105	-0.059601	0.156369	0.087219	-0.232300	0.156369	0.433609
1	-1	-1
0.180206	-0.189758	0.109982	-0.004242	-0.060547	0.109982	0.016724	-0.060547	0.109982	0.039825	-0.182770	0.109982	0.447366
1	-1	-1
0.233276	-0.152985	0.118230	0.026031	-0.076813	0.118230	-0.018707	-0.076813	0.118230	0.066711	-0.188019	0.118230	0.441395
1	-1	-1
0.263031	-0.212219	0.129095	0.015320	-0.067932	0.129095	0.005341	-0.067932	0.129095	0.075348	-0.200348	0.129095	0.450688
1	-1	-1
0.223908	-0.244171	0.135796	0.014465	-0.067535	0.135796	0.037414	-0.067535	0.135796	0.043396	-0.109009	0.135796	0.435140
1	-1	-1
0.236267	-0.194397	0.123890	0.014069	-0.046997	0.123890	0.017029	-0.046997	0.123890	0.049255	-0.151764	0.123890	0.420882
1	-1	-1
0.205200	-0.176727	0.122434	0.007660	-0.114502	0.122434	0.005676	-0.114502	0.122434	0.037048	-0.175903	0.122434	0.430973
1	-1	-1
0.143860	-0.179871	0.115863	0.021484	-0.124024	0.115863	0.028656	-0.124024	0.115863	0.052857	-0.155426	0.115863	0.458498
1	-1	-1
0.157501	-0.161652	0.093896	0.016235	-0.120209	0.093896	0.026611	-0.120209	0.093896	0.065277	-0.176117	0.093896	0.454917
1	-1	-1
0.290924	-0.160614	0.112214	0.009979	-0.052826	0.112214	0.020264	-0.052826	0.112214	0.052033	-0.116089	0.112214	0.464550
1	-1	-1
0.246094	-0.206879	0.124134	0.010407	-0.053223	0.124134	0.026764	-0.053223	0.124134	0.066254	-0.116547	0.124134	0.449601
1	-1	-1
0.321899	-0.220276	0.138368	0.007324	-0.036194	0.138368	0.014465	-0.036194	0.138368	0.050018	-0.162445	0.138368	0.442378
1	-1	-1
0.219879	-0.216583	0.122840	0.051422	-0.256043	0.122840	-0.000275	-0.256043	0.122840	0.058685	-0.170990	0.122840	0.439170
1	-1	-1
0.406403	-0.138977	0.127077	0.010010	-0.061401	0.127077	0.008148	-0.061401	0.127077	0.048431	-0.148102	0.127077	0.478541
1	-1	-1
0.197571	-0.147675	0.098796	0.014221	-0.160065	0.098796	-0.012756	-0.160065	0.098796	0.043610	-0.154083	0.098796	0.468188
1	-1	-1
0.153412	-0.057251	0.049580	0.068665	-0.098877	0.049580	-0.005402	-0.098877	0.049580	0.068726	-0.144684	0.049580	0.464725
-1	1	-1
0.316070	-0.192566	0.129989	0.013458	-0.089783	0.129989	0.037414	-0.089783	0.129989	0.065033	-0.138367	0.129989	0.407898
-1	1	-1
0.275299	-0.273315	0.157658	0.012756	-0.195129	0.157658	0.021210	-0.195129	0.157658	0.042114	-0.152527	0.157658	0.397332
-1	1	-1
0.261566	-0.325531	0.166037	0.020660	-0.100037	0.166037	0.029816	-0.100037	0.166037	0.068970	-0.133270	0.166037	0.393824
-1	1	-1
0.334381	-0.306793	0.169802	0.001862	-0.128815	0.169802	0.053864	-0.128815	0.169802	0.082123	-0.119751	0.169802	0.387098
-1	1	-1
0.345428	-0.312500	0.182443	0.047760	-0.104096	0.182443	0.093292	-0.104096	0.182443	0.120880	-0.117035	0.182443	0.369683
-1	1	-1
0.333984	-0.339844	0.175029	0.006287	-0.174744	0.175029	0.064209	-0.174744	0.175029	0.104096	-0.151520	0.175029	0.378157
-1	1	-1
0.386353	-0.356781	0.200143	0.007294	-0.106659	0.200143	0.046905	-0.106659	0.200143	0.158142	-0.096649	0.200143	0.374134
-1	1	-1
0.500519	-0.334534	0.205743	0.013580	-0.070770	0.205743	0.053833	-0.070770	0.205743	0.052154	-0.162354	0.205743	0.392427
-1	1	-1
0.394928	-0.360962	0.190645	0.012207	-0.080444	0.190645	0.052154	-0.080444	0.190645	0.056641	-0.201477	0.190645	0.378900
-1	1	-1
0.374054	-0.339538	0.186810	0.014954	-0.109406	0.186810	0.058899	-0.109406	0.186810	0.060669	-0.167999	0.186810	0.375108
-1	1	-1
0.321076	-0.325043	0.174424	0.015442	-0.065216	0.174424	0.084259	-0.065216	0.174424	0.093292	-0.093750	0.174424	0.380838
-1	1	-1
0.275757	-0.314972	0.174207	0.028747	-0.197846	0.174207	0.085968	-0.197846	0.174207	0.082611	-0.154327	0.174207	0.371562
-1	1	-1
0.384186	-0.262573	0.186128	0.008362	-0.144837	0.186128	0.073791	-0.144837	0.186128	0.082001	-0.113159	0.186128	0.379091
-1	1	-1
0.243408	-0.300903	0.167328	0.022461	-0.075745	0.167328	0.057648	-0.075745	0.167328	0.080322	-0.147644	0.167328	0.381306
-1	1	-1
0.345581	-0.341492	0.196462	0.003815	-0.049255	0.196462	0.053284	-0.049255	0.196462	0.062866	-0.181061	0.196462	0.382330
-1	1	-1
0.237579	-0.279114	0.154118	0.001892	-0.095825	0.154118	0.054535	-0.095825	0.154118	0.052307	-0.137146	0.154118	0.398823
-1	1	-1
0.257416	-0.274933	0.157728	0.004791	-0.054169	0.157728	0.070770	-0.054169	0.157728	0.055451	-0.179596	0.157728	0.383478
-1	1	-1
0.233002	-0.285492	0.157015	0.007996	-0.041931	0.157015	0.026093	-0.041931	0.157015	0.041535	-0.130493	0.157015	0.397690
-1	1	-1
0.514648	-0.564117	0.335761	0.026489	-0.146301	0.335761	0.221161	-0.146301	0.335761	0.294372	-0.083038	0.335761	0.285755
-1	-1	1
0.663605	-0.763672	0.425687	0.006317	-0.201447	0.425687	0.181427	-0.201447	0.425687	0.226501	-0.044678	0.425687	0.265207
-1	-1	1
0.587311	-0.748169	0.403406	0.036499	-0.159912	0.403406	0.182739	-0.159912	0.403406	0.217590	-0.042542	0.403406	0.272145
-1	-1	1
0.715546	-0.808472	0.441778	0.028351	-0.226044	0.441778	0.130188	-0.226044	0.441778	0.221496	-0.108826	0.441778	0.275119
-1	-1	1
0.714905	-0.756287	0.413013	0.014618	-0.169250	0.413013	0.149506	-0.169250	0.413013	0.200714	-0.021454	0.413013	0.277332
-1	-1	1
0.651794	-0.667999	0.384684	0.012726	-0.201904	0.384684	0.157715	-0.201904	0.384684	0.202240	-0.088928	0.384684	0.280331
-1	-1	1
0.605896	-0.690796	0.377963	0.003540	-0.144165	0.377963	0.188019	-0.144165	0.377963	0.199646	-0.086334	0.377963	0.277743
-1	-1	1
0.606903	-0.680481	0.385460	0.046509	-0.181854	0.385460	0.155945	-0.181854	0.385460	0.145660	-0.123200	0.385460	0.277896
-1	-1	1
0.613617	-0.774231	0.413773	0.003845	-0.217194	0.413773	0.141724	-0.217194	0.413773	0.238098	0.001984	0.413773	0.272010
-1	-1	1
0.533661	-0.650207	0.357897	0.003143	-0.141601	0.357897	0.139831	-0.141601	0.357897	0.199768	-0.013000	0.357897	0.284816
-1	-1	1
0.560760	-0.740234	0.388435	0.012451	-0.189850	0.388435	0.170288	-0.189850	0.388435	0.200470	-0.076782	0.388435	0.284532
-1	-1	1
0.553436	-0.683014	0.357429	0.012451	-0.177643	0.357429	0.200317	-0.177643	0.357429	0.146240	-0.047241	0.357429	0.298385
-1	-1	1
0.578979	-0.615570	0.339578	0.032196	-0.141998	0.339578	0.205444	-0.141998	0.339578	0.126312	-0.188904	0.339578	0.297577
-1	-1	1
0.539429	-0.534363	0.309175	0.021484	-0.132996	0.309175	0.161285	-0.132996	0.309175	0.163422	-0.094757	0.309175	0.301046
-1	-1	1
0.625549	-0.616363	0.326845	0.005341	-0.197479	0.326845	0.191040	-0.197479	0.326845	0.105133	-0.149078	0.326845	0.314983
-1	-1	1
